qosspred
1.619
1.519
3.933
4.376
5.05
9.66
7.24
5.499
4.389
3.7
3.128
2.813
2.468
2.305
2.169
2.027
1.929
1.859
1.788
1.785
1.828
1.706
1.644
1.611
1.541
1.517
1.472
1.424
1.395
1.383
1.364
1.458
1.35
1.449
1.362
1.344
1.279
1.316
1.271
1.127
1.28
1.071
1.215
1.029
1.098
1.082
1.253
1.16
1.267
1.586
3.712
5.213
4.334
3.935
4.04
5.24
5.682
6
4.86
4.467
5.395
6.858
7.233
6.354
5.636
7.627
7.524
6.29
5.386
4.642
4.258
4
3.654
3.566
3.477
3.496
3.479
3.453
3.472
3.437
3.217
2.918
2.662
2.546
2.556
2.428
2.333
2.22
2.133
2.079
2.036
1.881
1.788
1.78
1.656
1.562
1.605
1.558
2.056
2.647
2.22
21.48
36.819
15.231
14.606
30.574
22.545
17.611
12.054
14.045
28.019
43.613
33.321
18.981
26.464
24.765
14.35
10.309
8.099
7.002
6.265
6.104
6.236
5.322
4.868
4.447
4.304
41.831
19.781
10.882
8.105
6.655
5.75
5.206
5.11
4.395
4.042
3.699
3.242
3.033
3.005
11.032
13.395
8.779
6.65
5.386
4.677
4.021
3.812
3.422
3.028
2.95
2.672
2.471
2.167
2.159
2.407
1.959
1.783
1.712
1.647
1.436
1.781
2.245
1.802
1.477
1.243
1.121
1.026
0.925
0.808
0.741
0.683
0.664
0.646
0.632
0.622
0.602
0.6
0.598
0.598
0.597
0.593
0.592
0.589
0.589
0.587
0.579
0.57
0.574
0.559
0.537
0.515
0.509
0.472
0.471
0.471
0.471
0.471
0.471
0.466
0.454
0.436
0.478
0.525
0.565
0.565
0.531
0.507
0.472
0.456
0.445
0.432
0.432
0.427
0.405
0.398
0.396
0.396
0.396
0.384
0.381
0.363
0.359
0.361
0.396
0.4
0.396
0.396
0.396
0.395
0.372
0.361
0.359
0.359
0.357
0.328
0.318
0.688
0.588
0.522
0.464
0.436
0.593
0.638
0.585
0.624
0.618
0.593
0.585
0.573
0.565
0.517
0.511
0.51
0.51
0.501
0.496
0.511
0.515
0.506
0.504
0.531
0.75
0.596
0.589
0.578
0.576
0.565
0.564
0.556
0.54
0.561
0.594
0.678
0.617
0.593
0.589
0.581
0.574
0.567
0.57
0.611
0.784
0.602
0.599
0.609
0.607
0.633
4.694
1.963
1.094
0.734
0.641
0.606
0.599
0.597
0.595
0.594
0.599
9.158
9.309
7.897
4.826
4.808
61.315
14.315
6.723
6.103
39.737
17.209
7.985
5.717
4.48
3.599
4.397
229.062
120.054
46.861
21.681
12.522
8.985
7.442
6.579
5.997
5.355
4.802
4.373
3.932
3.677
3.472
3.697
161.206
79.301
47.882
28.806
19.202
15.567
29.617
47.82
23.981
15.137
14.745
10.684
8.997
8.236
7.386
6.867
6.522
80.749
73.121
104.534
65.896
35.495
22.539
17.044
13.39
11.124
9.867
8.931
12.008
24.884
24.67
18.329
13.589
10.914
9.359
8.469
7.585
7.061
6.44
6.06
5.714
5.399
5.023
4.871
5.107
5.814
7.343
59.448
33.186
30.356
23.069
15.831
13.16
313.355
340.818
81.128
50.365
38.59
27.95
20.129
15.325
14.416
12.947
11.473
12.456
12.951
35.924
55.33
31.263
22.336
22.627
26.227
19.294
14.912
12.632
18.971
42.515
23.016
16.209
13.967
12.146
10.787
9.672
8.862
8.459
8.308
10.077
11.912
22.728
16.79
14.134
13.471
11.664
12.708
12.785
13.8
12.499
11.802
26.062
75.244
92.424
114.725
115.464
138.999
132.617
79.017
61.046
41.739
29.321
22.202
292.619
103.818
54.906
53.699
39.005
30.228
25.417
22.463
19.838
17.541
14.788
22.709
73.176
111.886
49.409
49.308
38.113
28.827
32.928
47.602
34.297
25.801
28.358
29.403
23.326
19.008
16.155
13.418
11.868
10.54
9.408
8.625
8.162
7.682
7.213
6.926
6.796
6.163
5.777
5.532
5.395
7.223
6.418
5.753
5.262
6.097
6.583
5.679
7.847
10.408
9.859
9.326
7.996
7.118
7.979
7.21
7.717
6.768
6.079
32.009
53.58
49.909
29.118
19.169
16.468
12.997
12.396
10.697
10.778
18.595
14.341
11.878
9.807
8.733
10.369
9.471
8.006
7.572
7.151
7.269
8.181
7.715
7.232
5.916
5.401
4.916
4.195
3.633
3.168
2.786
2.545
2.283
2.057
2.367
1.96
1.819
1.713
1.618
0.096
1.914
1.88
1.647
1.744
1.605
1.304
1.816
1.767
1.73
2.26
1.813
1.688
1.569
1.492
1.45
1.444
1.587
2.224
1.62
1.444
1.386
1.327
1.275
1.306
1.831
1.525
1.389
1.291
1.207
1.144
1.059
1.024
0.993
0.974
1.068
1.739
1.239
1.038
0.978
0.939
0.909
0.876
0.819
0.809
0.798
0.794
0.793
0.796
0.779
0.762
0.749
0.771
0.762
0.75
0.747
0.738
0.853
0.941
0.814
0.786
0.775
1.217
1.164
0.905
0.85
0.817
0.797
0.784
0.767
0.754
0.752
0.744
0.726
0.726
0.771
0.749
0.847
0.916
1.117
0.932
0.835
0.812
0.801
0.886
0.885
0.823
0.814
0.786
0.774
0.765
0.753
0.751
0.743
0.746
0.75
0.755
1.352
2.068
2.119
1.253
1.014
0.944
1.325
2.165
1.58
1.534
1.334
1.441
3.245
3.358
1e-07
1.869
1.639
2.572
2.422
1.869
1.617
1.427
58.56
12.214
5.075
92.823
22.336
9.302
6.123
4.755
3.917
3.439
2.967
2.766
2.609
2.458
2.514
23.978
10.877
6.785
5.287
5.504
124.097
329.2
118.204
40.148
23.981
27.244
22.727
16.594
12.817
11.47
12.026
24.08
55.989
34.385
25.301
19.07
15.099
12.908
10.71
9.889
9.319
9.426
9.5
8.525
7.671
7.013
6.55
6.104
5.76
5.434
5.153
4.914
4.831
4.685
4.486
4.217
3.942
3.808
3.718
3.582
3.441
3.353
3.315
3.361
3.394
3.456
51.615
36.215
17.78
18.25
18.898
13.662
