dmodelsim
0.5942546
0.5327615
0.5339911
0.1661248
0.6590947
0.1787427
0.001578181
1.049195
-0.5030715
-1.265152
-0.7923813
-0.4541627
-0.285931
0.1108294
-0.4217592
-1.989457
-2.065375
-0.9354782
-1.039753
-0.2882296
-0.2082788
0.05178164
-0.3568706
-0.02814647
0.2615761
0.1600924
0.2424001
0.5725133
-0.09229831
-0.05752412
0.4207303
-0.8567611
-0.9269679
-0.03150847
-0.8912578
-0.6231982
-0.5542323
-0.03617974
-0.3545449
-0.1795078
-0.1830551
-0.4513356
0.4599151
-0.2831541
0.4493982
-0.2014801
0.4250861
0.1551667
0.3139537
0.4499384
0.4415845
0.4654289
0.4342235
-0.2453638
0.1689415
0.2538147
0.4010628
0.003909357
0.1342678
0.1586289
0.1103459
0.2893903
-0.2600844
-0.2627219
-0.0273039
-0.2876955
-0.01056242
0.3790096
0.2733328
0.3116031
0.4196061
-0.3094783
-0.1846397
-0.008085369
-0.04342928
-0.3989175
0.1017706
-0.1897168
0.06499926
-0.142765
-0.151598
0.5042466
-0.5382271
-1.126641
-1.001965
-0.344196
-0.1647232
-0.2514314
-0.1045054
-0.2533775
-0.5524663
-0.00981828
-0.2514549
-0.1679689
-0.517765
-0.3426823
0.04067126
-0.08393411
-0.2494642
-0.2003309
0.1415289
-0.0005695679
-0.9725589
-0.8426796
-0.8212055
-0.7614427
-0.2830552
-0.3578503
-0.3319914
-0.01492594
0.005084217
-0.7959416
-0.4684358
-0.2465103
-0.5418744
-0.0360786
-0.3585556
0.2037927
-0.02925705
0.04823744
-0.1718521
0.1845674
0.2961963
0.04022729
-0.1393656
0.0575607
-0.001386736
-0.09660406
0.01762227
0.1145531
0.0685022
-0.05099193
-0.3910854
0.03490376
0.1128806
0.5321176
0.3270321
0.6174558
0.264171
-0.4915361
0.2214974
0.1438785
0.2073153
0.2367795
-0.008194926
-0.1176349
-0.1829608
-0.3193894
-0.5291271
-0.1487867
0.1433014
0.2588624
-0.1003883
-0.3125398
0.1629801
-0.6838448
-0.1377964
-0.1779119
0.396533
-0.4572066
0.6028218
-0.1578727
0.01062993
-0.7953706
-0.6470808
-0.03897627
-0.1078052
-0.06391891
-0.1306633
-0.01239369
-0.1988443
0.2055449
-0.05124079
0.1880714
0.008928669
-0.7251078
0.09476461
-0.03550231
0.07698354
-0.5190618
0.3528094
-0.195916
-0.451193
-0.1279922
-0.2610168
-0.3838477
0.1620006
0.2174346
0.5333814
1.085079
0.04643747
-0.2173959
0.4109036
0.2584136
-0.04691177
0.1478439
0.1606677
1.071923
0.2636403
1.321737
