qosspred
0.3860965
-0.004763175
-0.1828227
0.05908979
0.06882674
-0.0773921
0.2630435
-0.07547075
0.02809041
-0.5988106
-0.2606522
-0.5727295
-0.5560386
-0.3213296
-0.4513426
-0.1455726
-0.2249591
-0.5896491
-0.50141
-0.4899521
-0.8561797
-0.5718294
-0.4863168
-0.1470756
-0.2023053
-0.2189581
-0.07489692
0.2850977
0.639422
0.4596221
0.1547019
-0.05808516
0.1586716
0.2424969
0.04693142
-0.3950839
-0.2873048
-0.5847211
-0.3282091
-0.306851
-0.1604369
-0.2592697
-0.2892364
0.2576609
-0.1308002
0.1045489
-0.07368333
-0.01863925
0.02084435
-0.2360466
0.1957601
-0.1882134
0.0373222
-0.3454674
-0.3114555
-0.2024219
-0.571296
-0.4126588
-0.3637877
-0.3290902
-0.2048446
-0.2400093
-0.4286302
-0.5103503
-0.483185
0.09904249
-0.162052
-0.2098252
-0.3521985
0.1343962
-0.2474212
-0.01678991
-0.07864651
-0.07254459
0.2214137
-0.1426568
-0.02592156
0.2177798
0.07509215
0.1720871
-0.2228639
-0.05600827
-0.1802758
0.01129474
-0.0574404
-0.0695063
-0.5133818
-0.3616743
-0.08345382
0.2150849
-0.2231784
-0.01971041
-0.3203137
-0.07143583
-0.3046191
0.1489165
0.1123465
0.2475622
-0.1798042
0.09423381
0.07775741
-0.1687711
-0.301633
-0.6328665
-0.4895514
-0.2156998
-0.1324927
-0.2365497
-0.3644841
-0.1377187
-0.005610343
-0.3206781
-0.06145721
-0.1306793
-0.1348028
-0.0508073
-0.06210235
-0.3970142
-0.1800357
0.01655048
0.2859324
0.3201636
-0.09180816
0.3597949
0.3094097
-0.1143858
0.2467956
-0.1413555
0.05974846
0.365487
0.293626
0.3675672
0.07419656
0.05035201
0.2554953
0.1161574
0.6771067
0.5275881
0.3797618
0.1372054
0.1688375
0.3672889
0.4220169
0.1557767
0.2968737
0.1794412
0.2334611
0.2413772
0.2380675
0.3128785
0.1144566
0.2586339
0.4740525
0.2821799
0.1646239
-0.1928848
0.06992633
0.1254573
0.07989399
0.02253264
-0.1248598
-0.1193838
0.1149576
0.04298606
-0.154892
0.1642809
0.09604556
0.06724362
0.281161
-0.03833829
0.04080307
0.01962611
0.146024
-0.07740347
-0.1398784
-0.1842048
-0.1221545
-0.2180605
-0.03962352
0.1590666
-0.05533892
-0.354629
0.1890756
-0.001388382
-0.2780725
-0.2072491
-0.5359526
-0.04115766
-0.05964135
0.03510139
0.2390637
-0.3265927
0.01376297
0.3594293
-0.002803427
-0.6355476
-0.3550834
-0.2012423
-0.2277127
-0.355163
